7
7
7
11
12
12
14
15
15
15
15
15
15
15
15
15
23
24
24
24
25
27
28
28
30
31
31
31
31
31
31
31
31
31
31
31
31
31
31
31
31
41
43
44
44
46
46
48
48
48
48
49
51
51
51
52
54
56
56
56
56
57
59
60
60
60
62
62
63
63
63
63
63
63
63
63
63
63
63
63
63
63
63
63
63
63
63
63
63
76
63
76
78
79
79
79
79
79
79
83
83
83
84
86
87
88
88
88
88
89
91
92
92
96
96
96
96
96
96
96
97
97
99
99
99
99
102
103
103
103
103
103
104
105
107
107
108
112
112
112
112
112
112
112
112
112
113
113
115
115
115
115
116
120
120
120
120
120
120
120
121
121
124
124
124
124
124
124
126
126
127
127
127
128
128
129
129
131
131
131
131
134
135
135
135
135
135
135
135
139
140
140
140
142
143
143
143
143
143
143
143
143
143
143
143
143
148
150
150
151
152
152
152
152
153
153
155
156
156
156
156
158
158
159
159
159
159
159
159
159
159
159
159
159
159
159
159
163
163
166
166
167
167
167
167
167
167
169
169
169
171
172
172
172
172
174
176
176
176
176
176
176
176
177
177
177
179
179
179
179
192
192
192
192
192
192
192
192
192
192
192
192
192
192
192
192
192
192
192
192
192
193
193
193
195
195
195
195
195
195
198
198
199
199
199
199
199
199
199
199
199
199
199
201
201
203
204
204
204
204
204
204
204
206
206
206
206
207
207
207
207
207
207
207
207
207
207
207
207
207
207
207
207
207
207
209
209
209
209
209
211
211
211
211
211
211
211
211
211
211
211
211
212
214
214
214
214
214
214
214
216
216
224
224
224
224
224
224
224
224
224
224
224
224
224
224
224
224
224
224
224
224
224
224
224
224
224
224
224
224
224
224
224
224
224
224
224
224
224
224
224
224
224
224
224
224
224
224
224
224
224
224
224
224
224
224
224
224
224
224
224
224
224
224
224
224
224
224
224
224
225
225
225
225
225
225
225
225
225
225
225
225
227
227
227
227
227
227
227
227
227
227
227
227
227
227
227
227
227
227
227
227
227
227
227
227
227
227
227
227
227
227
227
230
230
230
230
230
230
230
230
230
230
230
231
231
231
231
231
231
231
231
231
231
231
231
231
231
231
231
231
231
231
231
231
231
231
231
231
231
231
231
231
231
231
231
231
231
231
231
231
231
231
231
231
231
231
231
231
231
231
231
231
231
231
232
232
232
232
232
232
232
232
232
232
232
232
232
233
240
240
240
240
240
240
240
240
240
240
240
240
240
240
240
240
240
240
240
240
240
240
240
240
240
240
240
240
240
240
240
240
240
240
240
240
240
240
240
240
240
240
240
240
240
240
240
240
240
240
240
240
240
240
240
240
240
240
240
240
240
240
240
240
240
240
240
240
240
240
240
240
240
240
240
240
240
240
240
240
240
240
240
240
240
240
240
240
240
240
240
240
240
240
240
240
240
240
240
240
240
240
241
241
241
241
241
241
241
241
241
241
241
241
241
241
241
241
241
241
241
241
241
241
241
241
241
241
241
243
241
241
243
243
243
243
243
243
243
243
243
243
243
243
243
243
243
243
243
243
243
243
243
243
243
243
243
243
243
243
243
243
243
243
243
243
243
243
243
243
243
243
243
248
243
243
241
241
240
240
240
240
240
240
240
240
240
240
240
240
240
240
240
240
240
240
232
232
231
231
231
231
231
230
230
228
227
227
227
225
225
225
224
224
224
224
224
224
224
224
224
224
224
224
224
224
224
224
224
224
224
224
224
224
224
224
224
224
224
224
216
214
214
212
211
211
211
211
211
209
209
209
207
207
207
207
207
207
207
207
207
206
206
206
204
204
204
204
204
204
204
203
203
201
201
201
201
199
199
199
199
199
199
199
199
199
199
199
199
199
199
198
198
198
198
198
198
198
196
195
195
195
195
195
195
195
195
195
195
195
195
195
195
195
195
195
195
195
193